SUBS_NAM = {'S_BP-240416-1','S_BP-240416-2','S_BP-240416-3','S_BP-270416-2','S_BP-130516-1','S_BP-141216'};
freqsRange = [[1, 3]; [2, 5]; [4, 7];[6, 10]; [7, 12]; [10, 15]; [12, 19]; [18, 25]; [19, 30]; [25, 35]; [30, 40]];
