subject1: 0.503968253968
subject2: 0.515873015873
subject3: 0.498663101604
subject4: 0.536684782609
subject5: 0.5
subject6: 0.595238095238
